518.100000
2008.800000
0.000000
1050.900000
0.000000
1001.400000
1005.600000
1002.500000
1044.900000
1034.700000
620.100000
999.000000
999.100000
1004.800000
1002.900000
1505.000000
1000.100000
0.000000
1004.700000
1007.100000
973.500000
1260.100000
1001.900000
1046.800000
519.500000
1005.400000
1004.500000
0.000000
2001.400000
1006.200000
1000.700000
1005.500000
998.700000
1000.300000
995.000000
1005.600000
1512.500000
0.000000
1000.800000
2513.200000
999.700000
1518.100000
0.000000
0.000000
1504.300000
998.600000
0.000000
998.800000
999.800000
1999.700000
1000.000000
0.000000
1502.500000
1001.300000
1002.700000
1001.200000
1504.200000
1008.700000
2041.400000
1007.700000
503.800000
1002.300000
1005.600000
1507.900000
998.800000
1567.500000
1505.400000
2603.700000
1737.200000
1116.000000
2147.600000
1001.300000
2022.200000
1002.600000
1999.800000
998.900000
1002.300000
2002.800000
998.200000
1512.600000
1567.000000
1598.000000
1037.000000
1589.100000
1003.100000
537.700000
1547.200000
1649.000000
1625.500000
1614.600000
1062.900000
1005.000000
1598.500000
2007.900000
1000.800000
2006.800000
2518.800000
1005.900000
2041.800000
1224.100000
1593.200000
1000.100000
1999.400000
999.900000
1507.200000
998.200000
998.900000
999.800000
2679.000000
1685.900000
1034.900000
1051.100000
1004.600000
1002.200000
999.800000
1002.600000
1000.300000
1032.300000
999.500000
999.800000
1000.500000
1503.900000
1995.200000
1000.100000
997.800000
1503.300000
999.200000
1001.100000
1510.900000
1001.000000
1999.400000
1000.100000
1058.100000
1000.200000
1510.700000
2008.300000
2000.500000
1000.400000
1006.100000
1505.700000
1997.100000
1009.500000
2000.400000
2002.600000
1549.400000
1998.600000
2000.900000
1050.700000
1712.200000
1250.100000
1581.300000
1629.200000
2620.100000
1137.900000
1049.400000
1589.600000
1043.800000
2743.500000
1572.100000
1193.400000
1668.700000
1041.600000
0.000000
1000.400000
998.100000
1001.000000
998.400000
1504.100000
1000.800000
0.000000
1020.900000
1504.800000
998.100000
1581.000000
1056.900000
1033.900000
1033.900000
1003.700000
1001.200000
1000.600000
1517.100000
1000.600000
1541.000000
1000.300000
954.200000
0.000000
1004.800000
1998.600000
1092.200000
1999.000000
1334.800000
1000.500000
1006.300000
999.400000
1000.600000
731.800000
1000.700000
1001.400000
2004.700000
1000.500000
1503.400000
1002.200000
998.800000
0.000000
999.300000
1000.000000
1000.300000
1032.700000
1000.700000
899.600000
999.000000
999.800000
2000.200000
1001.400000
1000.400000
998.600000
2075.500000
999.200000
999.100000
1001.500000
2000.700000
998.700000
1006.400000
1001.700000
1080.500000
1589.400000
1576.300000
1057.000000
1592.000000
1052.200000
1051.800000
1047.500000
1057.200000
1043.400000
1565.000000
1096.100000
1584.300000
1125.400000
526.900000
1005.900000
1999.100000
1100.800000
1006.400000
1005.200000
999.900000
1509.900000
996.500000
1001.300000
1059.400000
997.000000
1082.300000
1000.100000
2000.900000
998.700000
1001.400000
1382.300000
1505.700000
1005.100000
1004.500000
1152.500000
999.600000
1043.100000
1645.900000
1000.100000
2514.100000
1003.700000
1002.500000
1004.300000
1000.300000
1027.600000
1005.200000
999.400000
1066.200000
1029.100000
1565.800000
2001.900000
0.000000
1001.500000
1999.900000
1001.200000
1000.300000
2000.700000
1001.000000
972.000000
1006.000000
2001.200000
1004.700000
999.800000
998.800000
999.800000
1008.200000
1001.100000
0.000000
998.900000
1505.300000
999.700000
1004.700000
2174.600000
1187.200000
1522.200000
1006.100000
1002.400000
0.000000
1000.900000
999.800000
0.000000
999.900000
1505.000000
1009.700000
1000.900000
999.900000
1001.800000
1504.500000
2002.600000
999.500000
1001.600000
1001.400000
1504.800000
1215.200000
1504.500000
505.000000
1503.300000
1000.700000
1000.000000
1999.900000
1507.100000
1506.800000
2000.100000
0.000000
996.100000
999.700000
1002.900000
0.000000
968.600000
0.000000
998.200000
999.400000
1002.500000
0.000000
0.000000
1509.000000
1538.600000
1504.500000
0.000000
1006.900000
999.300000
2000.300000
999.400000
1667.300000
1567.400000
1171.400000
1066.600000
1513.600000
1001.100000
1021.200000
999.700000
1000.000000
1002.100000
1507.300000
2006.200000
999.700000
1000.500000
1001.200000
1000.400000
1000.000000
1000.400000
1506.100000
2000.300000
1001.600000
1001.700000
2006.000000
999.800000
998.900000
1510.100000
1002.200000
2004.300000
2074.200000
1048.100000
1029.800000
1576.300000
1047.800000
1035.300000
1567.900000
1586.400000
1045.600000
2110.300000
1632.700000
1061.300000
1055.400000
1565.400000
1560.600000
2457.800000
1001.300000
1000.700000
1002.100000
999.100000
1506.700000
1000.400000
1005.600000
997.600000
999.500000
998.600000
967.300000
998.900000
999.500000
1505.500000
999.900000
1000.200000
0.000000
996.100000
954.100000
1005.100000
1504.800000
999.900000
505.500000
999.400000
0.000000
1000.900000
1000.500000
998.400000
998.300000
936.100000
2000.700000
1001.600000
1248.500000
998.400000
1118.900000
999.900000
1999.500000
1013.400000
2518.300000
2001.400000
1504.900000
999.300000
0.000000
1999.700000
999.500000
1004.300000
1504.500000
1001.400000
2001.800000
1002.200000
1527.300000
1031.900000
1996.400000
1009.600000
1999.600000
1999.600000
1037.500000
1079.300000
1585.600000
1091.100000
1047.100000
1004.200000
1002.100000
1507.300000
1999.300000
1004.000000
0.000000
1039.800000
0.000000
0.000000
1002.500000
999.000000
1507.300000
1505.700000
1000.200000
1529.800000
998.700000
997.800000
999.800000
1000.300000
1505.900000
1066.300000
998.800000
1001.200000
1003.300000
1998.700000
1000.200000
1057.300000
1584.900000
1079.600000
1051.600000
1573.700000
1054.300000
1059.500000
1061.900000
2116.300000
1006.500000
1003.500000
998.900000
999.900000
1011.200000
1001.600000
996.500000
1510.100000
1504.600000
969.900000
2145.900000
1111.400000
0.000000
1059.400000
1067.600000
1132.600000
0.000000
1000.800000
1000.600000
518.600000
1044.000000
1049.800000
1042.600000
1070.600000
1143.800000
1039.500000
1038.000000
1088.000000
0.000000
1506.500000
1003.500000
999.800000
1002.700000
1007.200000
999.500000
1023.800000
1064.400000
1051.100000
1578.100000
1048.000000
511.800000
999.000000
1001.400000
1058.100000
1596.200000
995.300000
1005.400000
1571.800000
1034.100000
1050.300000
1000.600000
1000.000000
1000.300000
1004.700000
999.500000
998.800000
968.800000
1004.500000
999.400000
1002.400000
1005.500000
999.700000
1507.100000
999.300000
1536.600000
1999.800000
1008.100000
998.500000
2008.100000
1002.000000
999.800000
1508.500000
1505.600000
1001.200000
1006.200000
1005.600000
1505.000000
2000.800000
1002.100000
1007.200000
1073.000000
1046.100000
1213.500000
0.000000
999.900000
1117.600000
1042.300000
1061.000000
1582.800000
1034.800000
0.000000
0.000000
1000.100000
1003.800000
1003.900000
1000.000000
2054.500000
1002.100000
1006.200000
999.800000
998.600000
1029.300000
1001.000000
999.000000
1000.000000
2000.200000
1517.900000
1092.000000
1096.600000
1037.500000
0.000000
1001.500000
1000.100000
2003.100000
1000.400000
506.800000
999.600000
1004.100000
1005.000000
1001.300000
1000.500000
999.300000
1000.700000
0.000000
1999.300000
503.600000
999.600000
1001.100000
1000.200000
1003.500000
1000.800000
1003.800000
1001.000000
1000.600000
1002.000000
0.000000
1000.200000
1001.300000
998.900000
999.900000
508.700000
1000.000000
1569.200000
1003.700000
1503.200000
1000.300000
1008.300000
999.600000
1000.300000
1006.600000
999.200000
0.000000
997.400000
1052.200000
999.500000
1505.800000
971.000000
1008.300000
0.000000
1507.600000
972.300000
1003.900000
999.200000
1505.800000
2507.100000
1223.700000
1054.500000
1114.600000
1036.300000
1090.400000
1036.200000
1330.500000
0.000000
1000.600000
1000.300000
1493.100000
1000.000000
991.800000
1504.800000
1002.700000
1000.100000
0.000000
1004.600000
999.800000
1000.100000
1071.200000
2000.700000
998.500000
1506.100000
2000.500000
1588.300000
1026.800000
1096.600000
1577.700000
1061.000000
1031.800000
1052.000000
1037.700000
1567.600000
1592.000000
1073.600000
2684.100000
1584.200000
1619.700000
1174.600000
1003.700000
2000.800000
1000.900000
976.100000
1592.100000
1171.500000
1044.700000
1047.600000
1045.800000
1025.500000
1001.100000
1001.800000
973.000000
2000.600000
1574.200000
1067.300000
1002.000000
1002.000000
996.300000
1000.100000
1000.800000
998.900000
1503.500000
1000.200000
2010.900000
1042.800000
1042.900000
1041.600000
1035.900000
1040.900000
1000.300000
999.600000
999.000000
998.600000
1000.000000
1042.100000
1038.600000
999.800000
1000.400000
1045.700000
1002.100000
1056.200000
1044.100000
1042.000000
1602.400000
1048.600000
1004.500000
999.000000
0.000000
1006.400000
999.500000
1001.100000
1211.800000
1001.400000
999.300000
999.700000
1000.000000
1774.400000
1033.700000
1038.100000
514.600000
1039.300000
1065.700000
1043.500000
520.400000
0.000000
1348.300000
1001.400000
998.500000
0.000000
1038.000000
1034.800000
999.700000
1000.700000
1001.600000
1006.500000
1000.900000
1001.000000
1006.700000
1001.600000
1000.100000
1419.700000
1601.000000
1041.600000
1598.000000
1588.100000
1038.000000
1063.500000
518.700000
1505.500000
999.700000
976.100000
1504.300000
1006.400000
1134.600000
1033.300000
2131.000000
961.400000
0.000000
1675.300000
1153.500000
1058.800000
1588.900000
1050.500000
1042.500000
1047.700000
1038.200000
1571.400000
1558.400000
999.800000
1034.500000
1000.000000
0.000000
1001.000000
999.700000
1502.700000
998.900000
2508.900000
1000.000000
2021.500000
999.900000
1000.000000
1042.100000
1384.400000
0.000000
1000.200000
1021.900000
2000.300000
2003.200000
0.000000
1999.900000
1995.600000
2000.400000
999.800000
1055.600000
1466.800000
2144.100000
2746.200000
2643.900000
2286.800000
1616.500000
1550.000000
2000.700000
1993.800000
2097.300000
2086.200000
2124.300000
1545.300000
532.700000
1001.700000
1505.500000
1655.800000
1050.700000
1038.000000
1562.400000
1052.400000
999.000000
1000.700000
1505.000000
1997.800000
0.000000
1998.400000
1000.300000
1967.600000
2107.800000
1069.600000
1009.200000
998.700000
1504.400000
999.500000
1995.800000
1514.200000
1644.800000
1999.900000
1999.100000
1996.200000
2006.300000
1004.500000
1000.000000
2000.100000
1504.200000
1009.000000
1007.100000
1001.400000
2006.700000
999.600000
0.000000
999.200000
505.300000
1564.600000
1180.200000
519.900000
502.400000
2001.500000
1000.600000
1525.500000
998.800000
999.000000
1025.900000
0.000000
502.900000
1534.000000
999.100000
1000.000000
1000.900000
1000.100000
1000.000000
1058.300000
1577.900000
1579.900000
997.500000
1126.400000
999.500000
999.900000
1504.600000
2000.700000
1117.400000
1504.400000
2005.400000
1506.800000
0.000000
1052.700000
2000.600000
1004.900000
1001.400000
0.000000
998.000000
509.300000
1001.300000
1000.400000
991.700000
1043.700000
1583.700000
1998.300000
999.500000
998.800000
998.200000
1000.000000
999.300000
1062.100000
1009.300000
1000.500000
1001.000000
1999.800000
623.000000
1000.300000
1000.900000
1998.800000
0.000000
1004.900000
0.000000
1000.100000
998.800000
1065.800000
2071.000000
999.900000
0.000000
1000.100000
505.400000
999.900000
1504.600000
1000.100000
0.000000
998.700000
1003.900000
999.300000
1505.300000
1999.500000
1000.800000
1046.700000
1054.800000
1055.100000
1572.500000
1048.300000
534.500000
1048.000000
1000.900000
1029.500000
1571.800000
2007.700000
1055.200000
1052.200000
1534.800000
1093.200000
999.600000
1004.900000
999.900000
1000.800000
997.700000
1504.500000
969.100000
1001.100000
530.800000
998.200000
998.900000
1005.500000
1506.200000
1068.600000
987.400000
1005.000000
1000.900000
1005.000000
1000.900000
1001.400000
998.400000
0.000000
1066.900000
